0.000000  0.000000    0.000000    0.000000    0.000000    0.000000  
0.010000  29.119993    24.736656    19.775440    14.113994    7.592822  
0.020000  45.082954    39.640594    33.000881    24.719843    14.103046  
0.030000  55.147732    49.587460    42.453499    32.967636    19.737276  
0.040000  62.062973    56.686665    49.534924    39.554356    24.652807  
0.050000  67.099083    61.999485    55.029045    44.926991    28.971510  
0.060000  70.924225    66.118134    59.408562    49.385426    32.789276  
0.070000  73.923363    69.399117    62.975441    53.138321    36.182568  
0.080000  76.333939    72.069908    65.931656    56.335381    39.213123  
0.090000  78.310349    74.282448    68.417366    59.086781    41.931324  
0.100000  79.957359    76.142128    70.532921    61.475407    44.378696  
0.110000  81.348511    77.724335    72.352028    63.564827    46.589767  
0.120000  82.537003    79.084381    73.930069    65.404602    48.593487  
0.130000  83.562233    80.263840    75.309456    67.033920    50.414299  
0.140000  84.454025    81.294518    76.523178    68.484215    52.073002  
0.150000  85.235352    82.201164    77.597351    69.780968    53.587379  
0.160000  85.924194    83.003342    78.552887    70.945061    54.972744  
0.170000  86.534843    83.716690    79.406685    71.993729    56.242352  
0.180000  87.078796    84.353912    80.172630    72.941437    57.407722  
0.190000  87.565407    84.925369    80.862152    73.800262    58.478935  
0.200000  88.002342    85.439659    81.484840    74.580482    59.464817  
0.210000  88.395988    85.903908    82.048706    75.290855    60.373169  
0.220000  88.751663    86.324158    82.560555    75.938881    61.210865  
0.230000  89.073868    86.705475    83.026169    76.531036    61.984032  
0.240000  89.366394    87.052193    83.450531    77.072937    62.698109  
0.250000  89.632507    87.368042    83.837921    77.569489    63.357975  
0.260000  89.875008    87.656212    84.192047    78.024971    63.967983  
0.270000  90.096298    87.919479    84.516151    78.443146    64.532059  
0.280000  90.298500    88.160278    84.813072    78.827347    65.053741  
0.290000  90.483437    88.380722    85.085304    79.180519    65.536232  
0.300000  90.652695    88.582672    85.335022    79.505302    65.982399  
0.310000  90.807724    88.767769    85.564194    79.804008    66.394905  
0.320000  90.949745    88.937477    85.774536    80.078743    66.776100  
0.330000  91.079872    89.093071    85.967598    80.331390    67.128197  
0.340000  91.199097    89.235718    86.144760    80.563622    67.453171  
0.350000  91.308319    89.366447    86.307281    80.777000    67.752861  
0.360000  91.408295    89.486191    86.456253    80.972870    68.028915  
0.370000  91.499748    89.595787    86.592697    81.152504    68.282898  
0.380000  91.583344    89.695984    86.717522    81.317055    68.516205  
0.390000  91.659599    89.787453    86.831543    81.467537    68.730141  
0.400000  91.729095    89.870819    86.935524    81.604897    68.925903  
0.410000  91.792274    89.946640    87.030151    81.730019    69.104614  
0.420000  91.849594    90.015427    87.116043    81.843689    69.267303  
0.430000  91.901413    90.077667    87.193779    81.946640    69.414925  
0.440000  91.948135    90.133766    87.263885    82.039551    69.548355  
0.450000  91.990051    90.184120    87.326828    82.123024    69.668419  
0.460000  92.027481    90.229095    87.383064    82.197647    69.775902  
0.470000  92.060715    90.269028    87.433014    82.263954    69.871506  
0.480000  92.089981    90.304214    87.477020    82.322403    69.955887  
0.490000  92.115532    90.334923    87.515457    82.373474    70.029671  
0.500000  92.137581    90.361435    87.548637    82.417580    70.093452  
0.510000  92.156357    90.384003    87.576866    82.455116    70.147774  
0.520000  92.171997    90.402817    87.600426    82.486435    70.193123  
0.530000  92.184700    90.418098    87.619553    82.511887    70.229988  
0.540000  92.194633    90.430046    87.634514    82.531784    70.258827  
0.550000  92.201950    90.438843    87.645531    82.546440    70.280060  
0.560000  92.206772    90.444633    87.652794    82.556091    70.294060  
0.570000  92.209236    90.447601    87.656494    82.561035    70.301231  
0.580000  92.209465    90.447876    87.656837    82.561493    70.301895  
0.590000  92.207581    90.445595    87.654007    82.557709    70.296394  
0.600000  92.203667    90.440895    87.648117    82.549873    70.285042  
0.610000  92.197845    90.433899    87.639343    82.538200    70.268135  
0.620000  92.190201    90.424706    87.627838    82.522888    70.245941  
0.630000  92.180817    90.413422    87.613708    82.504097    70.218719  
0.640000  92.169800    90.400162    87.597099    82.482018    70.186729  
0.650000  92.157181    90.385002    87.578125    82.456787    70.150200  
0.660000  92.143082    90.368042    87.556900    82.428558    70.109337  
0.670000  92.127541    90.349358    87.533508    82.397476    70.064384  
0.680000  92.110634    90.329041    87.508080    82.363670    70.015518  
0.690000  92.092415    90.307137    87.480675    82.327278    69.962921  
0.700000  92.072960    90.283752    87.451424    82.288406    69.906799  
0.710000  92.052307    90.258934    87.420372    82.247169    69.847298  
0.720000  92.030510    90.232735    87.387611    82.203674    69.784576  
0.730000  92.007614    90.205215    87.353203    82.158012    69.718803  
0.740000  91.983665    90.176453    87.317238    82.110306    69.650124  
0.750000  91.958725    90.146492    87.279785    82.060638    69.578659  
0.760000  91.932816    90.115364    87.240891    82.009071    69.504570  
0.770000  91.905983    90.083153    87.200638    81.955719    69.427956  
0.780000  91.878273    90.049873    87.159058    81.900650    69.348953  
0.790000  91.849716    90.015579    87.116241    81.843941    69.267662  
0.800000  91.820343    89.980309    87.072205    81.785652    69.184204  
0.810000  91.790184    89.944115    87.027023    81.725861    69.098671  
0.820000  91.759270    89.907013    86.980713    81.664627    69.011177  
0.830000  91.727638    89.869057    86.933357    81.602013    68.921806  
0.839999  91.695312    89.830276    86.884972    81.538086    68.830643  
0.849999  91.662323    89.790710    86.835617    81.472893    68.737785  
0.859999  91.628685    89.750366    86.785309    81.406509    68.643311  
0.869999  91.594444    89.709297    86.734123    81.338943    68.547302  
0.879999  91.559601    89.667526    86.682060    81.270279    68.449821  
0.889999  91.524185    89.625061    86.629158    81.200546    68.350952  
0.899999  91.488213    89.581947    86.575462    81.129807    68.250763  
0.909999  91.451706    89.538208    86.521004    81.058090    68.149315  
0.919999  91.414703    89.493874    86.465805    80.985443    68.046669  
0.929999  91.377197    89.448944    86.409904    80.911903    67.942894  
0.939999  91.339226    89.403458    86.353325    80.837502    67.838036  
0.949999  91.300797    89.357437    86.296082    80.762283    67.732162  
0.959999  91.261932    89.310913    86.238228    80.686287    67.625328  
0.969999  91.222633    89.263878    86.179756    80.609535    67.517563  
0.979999  91.182930    89.216362    86.120712    80.532066    67.408936  
0.989999  91.142822    89.168365    86.061104    80.453903    67.299484  
0.999999  91.102341    89.119934    86.000961    80.375084    67.189255  
